  2  8 12  20496 13
  2  8 45  29980  1
  2  9 19  16013  3
  2 10 24   1308  1
  2 11  3  15872 15
  2 12 29  26653 13
  2 13 11   4501  0
  2 14 33   4601  4
  2 15  4    843 17
  2 15 58  24701  7
  2 16 51   6041  9
  2 18 21   1945 18
  2 18 56   5338  9
  2 20 25   4157 13
  2 21 17  26827 18
  2 22  7  18963  7
  2 23 24  28224 18
  2 24  5  11550 14
  2 25 32  12925  2
  2 26 24  28050  3
  2 27 50   8429  1
  2 28 41  22105 17
  2 29 31  29829  4
  2 30 36  19696  6
  2 31 16  22629 10
  2 32  3  12264 16
  2 33  4   4149  1
  2 34  5  24113  5
  2 34 14  29545  8
  2 34 35   8031  7
  2 35 57  27883  5
  2 36 35  21646 19
  2 37 58  29715  5
  2 38 40  20824  4
  2 39 30   6991  2
  2 40 22  28671  4
  2 40 45   6640 19
  2 41  0  28266  4
  2 42 35  14253 14
  2 42 35  15974 19
  2 42 55  11191  5
  2 43 51  24903 16
  2 45 14    221  8
  2 46 30  25691  5
  2 46 41  24387  7
  2 47 23  12983 18
  2 47 33  20512  9
  2 48 21   2839  9
  2 49 56  16791 11
  2 50 50   9471  2
  2 50 53   4305 11
  2 51 13  21152  6
  2 51 40   1879  6
  2 51 56   8091  7
  2 52 40   8101  3
  2 53 22  25727 11
  2 54 17    293 13
  2 55 22   4096 15
  2 55 55   3120  4
  2 57  3  12594 17
  2 58 42   5064 19
  3  0 17    401  8
  3  0 43   1744 11
  3  1 33  21919 15
  3  2 16  15937  8
  3  2 30  21611 18
  3  3 46  21289 10
  3  4  8   8679  7
  3  5 23  20584 19
  3  5 40  14868 14
  3  5 42  29491 15
  3  7 14    694 16
  3  7 35  29151 19
  3  7 40  11164  4
  3  8 22   4991  4
  3  8 42  27425  3
  3 10  8  20527 11
  3 11 25  18626 10
  3 11 53  26296 17
  3 12 26  19911  4
  3 13 14   3672 10
  3 13 46  27318  6
  3 13 58   1110 16
  3 14  4    681 14
  3 15 41  16466 13
  3 16 59  18209  8
  3 18 36  13493  2
  3 19 44    489 10
  3 20  3   1896  7
  3 20 21   2156  8
  3 21 46    644 11
  3 23  5   3012  6
  3 24 28   7536 19
  3 25 47   5682 10
  3 26 16   1520 12
  3 26 50  19031  8
  3 27 37  24013 10
  3 28 26   7208  2
  3 28 48  10070  0
  3 28 49  14926 13
