  5 45 32   6449 17
  5 45 58  27793 15
  5 46 10  12506  5
  5 47 10   7408  9
  5 48  7  29925  9
  5 49 39  20949  6
  5 51  4  29916  0
  5 51 44   8372  8
  5 52 23  16827  4
  5 53 32  23962 12
  5 54  4  10037  7
  5 55 22  16617  9
  5 56 21  26399 19
  5 57 22  29488  7
  5 58 20  13531 15
  5 59 47    137 13
  6  0 53  13169  3
  6  1 37   3657 10
  6  2 16  16491 17
  6  2 51  21896 13
  6  4  0  28854  3
  6  4 56  26126  1
  6  5  4  21052 17
  6  6 39  26793 16
  6  7 14   5929 19
  6  8 12  26929  0
  6  8 19   1355  3
  6  8 57  11936 11
  6  9 17    373  2
  6  9 27     43 12
  6  9 54  28749 16
  6 10 38  15799  3
  6 12 15  12215  5
  6 12 17  26550 19
  6 12 53  23965 17
  6 14 20  27083 12
  6 15 11   9048 12
  6 16 44   2196 14
  6 17 50   8902  6
  6 18 45  14018  4
  6 20  3  28412 13
  6 20 55   5702  6
  6 21  3  20565 16
  6 22 38  25022 16
  6 24 14  16886 10
  6 25  4  12284 14
  6 25 46  13874 11
  6 27  0  23341  2
  6 28 39  13828 10
  6 29 59  10119  4
  6 31 28  15537 17
  6 32  7  11533  3
  6 33 14  19832  6
  6 34 43  20217 14
  6 35 46  11466  4
  6 37  0  22284 15
  6 38  1  26102 14
  6 38  9  24139  8
  6 38 34    516 11
  6 38 59  19141  2
  6 39 40  17204 11
  6 40 56   9202 14
  6 42 15   7483  8
  6 42 25  15665  5
  6 43 12  13393 17
  6 44  1  16866  6
  6 44 52   9683  5
  6 45 48  10135  8
  6 45 53    835 17
  6 46 11   3697  4
  6 47  3  27875 11
  6 47 42   3656 10
  6 48 59  21249 10
  6 50 10  14808 17
  6 50 44  29223 11
  6 50 45   3291 18
  6 52 12  12828 14
  6 53 41   8720  3
  6 53 57   1651 10
  6 54  0  15671 14
  6 55  1  11976 10
  6 56 23  21651 19
  6 56 36  28218 18
  6 57  1  27336  2
  6 57 59  20804  5
  6 58 11  29951 18
  6 59  4  16124  8
  7  0 37  16908  2
  7  1 10  27670  3
  7  1 59  24143 12
  7  2 50  13912 18
  7  3 46   1672  7
  7  3 51  10051 17
  7  4  7  10879 11
  7  5 46  22980  0
  7  5 51  11404 16
  7  6 42   3655  0
  7  7 57   7925  3
  7  9  9  23222  2
  7  9 27   9873  1
  7 10 11  11347 10
  7 10 26  19079  8
  7 11 41   8570  9
  7 11 41   3949 16
  7 12 14  14578 17
  7 12 39  24890  5
  7 13 13  19479  7
  7 13 38  13310  8
  7 14 50   2766 19
  7 15 52  22912 19
  7 16 23  16180 16
  7 16 40  19485  5
  7 17 57     15 11
  7 18 56   3191  1
  7 20 25  20843 12
  7 21 27  13306 14
  7 21 27   9646 18
  7 22 52  13431 14
  7 24 14   9151  2
  7 25 28  27622 16
  7 26 49  27549  1
  7 28 19  14957  9
  7 29 20  24131 12
  7 29 55  28545  7
  7 30  7  26371  5
  7 31 10  20664 16
  7 31 47  10047  7
  7 32 53  10534  7
  7 32 57  13129 15
  7 33 47  18836  5
  7 34 23   2160 10
  7 35 32   4635 13
  7 36 37   3548 15
  7 37 34  28596  0
  7 38 30   6422 18
  7 40  7  13660  6
  7 40 21  28992 17
  7 41 56  14692 18
  7 43  0   1385  8
  7 43 25  20970 14
  7 44 25  21328 11
  7 44 45   5349 10
  7 45 18  15599 18
  7 46 19  21180  5
  7 46 33  16100 14
  7 48 10    735  7
  7 48 27  27106  4
  7 48 55  12830  4
  7 49 57  22061 19
  7 50 20  23008  9
  7 50 57  25418 15
  7 51 17  22823 10
  7 51 48   2653  4
  7 52 44   4772 13
  7 53 43   4758 13
  7 53 55   6583  2
  7 54 28  22194  6
  7 54 36  27782  4
  7 56  1   7865 16
  7 57  5  17960 12
  7 57 30  29825  8
  7 57 45  23363 18
  7 59  2   8236 10
  8  0  6   2798  4
  8  0 38  17812 15
  8  1 29  24401  4
  8  3  8  23374 12
  8  3 39  27462  4
  8  4 11  28065  2
  8  5  7  15563 19
  8  5 37  26391 16
  8  6 21  23341  9
  8  6 46   8261  5
  8  8  7   4063  1
  8  9  6  25830  8
  8  9 48   6909  5
  8 10 30   5543 12
  8 11 44  24055 15
  8 13 21  19774  4
  8 14 33  13987  3
  8 15 15  27597 17
  8 15 42  20736  9
  8 16 58   2626 11
  8 17 37  18917  4
  8 18 11  18504 16
  8 18 45   3707 12
  8 19 36   9519  7
  8 19 38  15518  8
  8 19 43  14633 14
  8 20 50  23766 14
  8 21 49  23373  5
  8 22 58    672 18
  8 24  2   6061  0
  8 24 20  22229  1
  8 24 41   2713 15
  8 26 14    382 17
  8 26 45  14558  0
  8 28 16  23524  0
  8 28 37   4064  6
  8 30  8  13516  2
  8 30 58  27024  3
  8 32  1   5110 10
  8 33 36   6472  9
  8 34 57   3149 15
  8 36 24   2993 17
  8 37 13  11159  1
  8 37 14  25324  4
  8 37 22  24885 16
  8 38 54   7198 15
  8 39 28  17544  0
  8 40 50  21752  7
  8 41 23  15313  0
  8 41 32  12644 17
  8 43  9  24195  2
  8 43 16  10486 10
  8 44 31  11521 12
  8 45 18   2587 10
  8 46 20     75 13
  8 47 52  23330  2
  8 49 12  13915  1
  8 49 13   2895 16
  8 49 55  11969 16
  8 51  2  22556  8
  8 51 55   4113 14
  8 51 57   2068 19
  8 52 34  12556 13
  8 53 52  13793  4
  8 54 56   7790  6
  8 55 27  19107 15
  8 57  5   1991 10
  8 57 33  10391 13
  8 58 42  12461 14
  8 59 30   8887  8
  8 59 32   8634  6
  9  0 33  14504 15
  9  1 23  27641  7
  9  2 26  29065  4
  9  2 33  19624 10
  9  2 55   6556  5
  9  4  5   3384  6
  9  4 40  14497 16
  9  4 55  16247 19
  9  5 14  27092 14
  9  6  1  26097 16
  9  6 18  22775  3
  9  7 40   5735 15
  9  8  2   2111 11
  9  8 44  10742  5
  9  9 31  27604  8
  9  9 57  24003 16
  9 10 19   7787  7
  9 11 15  20086  3
  9 12  7  26913 11
  9 12 45  21028 13
  9 13 56  12452  1
  9 14 42  24485  4
  9 15 16  28873 12
  9 15 27    266 13
  9 15 50  14440  6
  9 15 53  20525  9
  9 16  4    642  3
  9 16 54  11606 11
  9 17 27  27880 17
  9 17 48   6851  4
  9 17 57   5137  9
  9 19 21  28295 13
  9 20 50  23540  3
  9 21 31   7328 16
  9 22 25   3944 11
  9 22 35  11463  9
  9 23 54  26496 11
  9 23 57  15423 18
  9 25  8  14584 14
  9 25 10   5269  6
  9 25 56   8079 15
  9 27 16  15848  0
  9 28 47  20714  5
  9 29 35  29544  2
  9 30 47  19039 17
  9 31 46   1163 11
  9 32  4   9064 13
  9 32 40  11026  7
  9 32 58  29570  6
  9 32 58  23833 17
  9 32 58   8667  4
  9 34 12  21662 11
  9 35  9  18072 17
  9 36 20  11078  1
  9 37 50  23897 13
  9 39 21  14692  1
  9 40  5   6106 18
  9 40  7   6009 18
  9 40 20  27791 13
  9 41 13  26203  6
  9 42 51   6560 16
  9 44  9  26956  0
  9 44 31   5578  3
  9 45  5   9902 11
  9 46 41   7460  5
  9 47  9  10238 10
  9 47 56   6678  8
  9 49  4  16095 19
  9 49 11   9626 11
  9 49 13  16882 15
  9 50  0  29606 10
  9 51  0   3813 12
  9 51 58    517 11
  9 52  2   8467 12
  9 53  0   3137 15
  9 54 38    226 16
  9 54 42  25335 11
  9 56 21  19383  6
  9 56 30  12041 18
  9 57 45  25393 13
  9 59  7   9022 11
  9 59 15  13147 10
 10  0 31   5929 10
 10  1  8   6746  8
 10  2  8  18658  5
 10  2 39   9858 19
 10  3 15  22573 14
 10  4 52   5031 15
 10  5 47  11432 11
 10  6 18   8839 17
 10  7 45  21644  2
 10  9 18  19097 10
 10  9 29  17353 14
 10 10 41  24669 13
 10 11 14   4175  3
 10 12  0  10249 14
 10 12 13   2962 15
 10 12 43  27446 12
 10 13 36  20175 17
 10 14 19   2967  5
 10 15 28   5141 19
 10 17  5  12334  8
 10 18  5  10444 18
 10 18 34   7026  4
 10 18 58   7901  2
 10 20 37  25950 13
 10 20 51  14930 18
 10 22 12   8076 12
 10 23 27  13419 10
 10 25  0   2884  3
 10 25  6  29635 12
 10 26 17  29424 15
 10 27 47   6008 19
 10 29 25   1061  4
 10 29 25  28475  2
 10 30 28  10274  1
 10 30 46  18029  2
 10 30 52  16086 19
 10 31 57  18105  6
 10 32 31   9454  7
 10 33 50  12369 15
 10 35 21  25212  7
 10 35 47  17860  2
 10 35 50  16355 19
 10 36 31   4288  6
 10 37 55   4534 13
 10 37 55  21661  5
 10 39  3  28534 16
 10 39 21  26128  9
 10 40 58   4593  4
 10 42 28  23375  1
 10 42 38  12640  6
 10 44 10  16130  5
 10 45 19  10716  4
 10 46 30  23431 12
 10 47 33  12963 19
 10 49  8  29731  9
 10 49 36  20187 13
 10 51  6  11888  7
 10 51  8  10065  5
 10 52  9  12232  2
 10 53 25   2596 17
 10 53 26  22656 11
 10 53 28  21807 14
 10 54 31  27774 14
 10 55  2   5171  9
 10 56  0   9107 16
 10 56 20   8945  8
 10 57 35  17761 19
 10 58  5  26856  4
 10 58 49  19578 11
 11  0 14  25514  5
 11  1 17  27772  4
 11  2 44  18352  7
 11  3 48   9311  4
 11  4 54  20611  7
 11  5 22   2535  5
 11  6  1  26869 11
 11  6 38  25572  5
 11  7 31  14040 11
 11  8 46   9951 18
 11  9 27  12305 10
 11  9 44  14259 17
 11 11  8  13398  8
 11 12 12  26864  9
 11 13 48  28389  2
 11 14  7   8066 11
 11 14 51  19368  8
 11 15 35  15825  0
 11 17  6  13507 16
 11 17 24   8319  6
 11 17 55  12274  6
 11 19 26    400  0
 11 19 38  12913  9
 11 21  3  16613 13
 11 22 33   3191  8
 11 23 42   3680 14
 11 24 25   4900  1
 11 24 34  16707  6
 11 25 13  25303  1
 11 25 42  17903 18
 11 27 16  29330  5
 11 28 13    587 12
 11 28 26  26289 13
 11 29  5  11122 18
 11 30 40  28264  9
 11 31 37    276  0
 11 33 10  23782  9
 11 34 44  21015 13
 11 36 16   5884 19
 11 37  3  28876 18
 11 38  8  14444 14
 11 39 24  18848  7
 11 40 53  24978 15
 11 42  9   8543 13
 11 42 27  22431  8
 11 43 27   1609 15
 11 43 58  14063 12
 11 45 24  29637 17
 11 45 46   8627  0
 11 45 58  18639 17
 11 46 19  22206 12
 11 47 42   1867 17
 11 49  4  11092  0
 11 49 27  21302 12
 11 50 51  16827  0
 11 52 15  10316  2
 11 53 48  22815 10
 11 55 18  22149  0
 11 55 37  17155 18
 11 57 12  24489  0
 11 57 38   4772 15
 11 59 15  20637 13
 12  0 39   3587  6
 12  1 46  10780 19
 12  2 51  11124 13
 12  3 14  23741  0
 12  4  2  19341  7
 12  5 39  16931  1
 12  6 27  23215  7
 12  7  4   5666  2
 12  7  8   1749 11
 12  8 27  14647 13
 12  9 21  12580 11
 12 10 25  27263 10
 12 11 20  17261  8
 12 12 10   1417  5
 12 12 21   6112  7
 12 12 41  24466 11
 12 13 57    226 13
 12 14  6  10953  9
 12 15 19  25908  4
 12 16  1  14066  7
 12 17 15   6057 13
 12 17 30   1899  9
 12 17 48  16351 13
 12 18 14  15139  6
 12 19  5  20996 10
 12 19 13  14013 16
 12 20 18  17721 16
 12 21  7  27614  7
 12 21 14  26895  9
 12 21 48  12259  4
 12 23 11   2443  4
 12 24 26    328 13
 12 25 54   7044  4
 12 26  9   2855 18
 12 26 10  12394  6
 12 27 34   7991  4
 12 28 31  28612 12
 12 29 49  28090 15
 12 30 59   9594 18
 12 31 42  17366  0
 12 32 12  21706 18
 12 32 33  16048 11
 12 33 12  17601 19
 12 34 18  14238  3
 12 35  4  28413 19
 12 35 45   8108 17
 12 36  3  27931  9
 12 36 38  12460  0
 12 38  1  18847  3
 12 38 36  10585 18
 12 39 34  27744  9
 12 40 20  21739  5
 12 40 41  29500 11
 12 40 45   5800  5
 12 41 57  22643 16
 12 42 13  24246  7
 12 43 15   6533 12
 12 44 50  14457  9
 12 45 53   8669 12
 12 47 27   3142  8
 12 47 54  14262  3
 12 49 33  17786 16
 12 49 52  19114  1
 12 51 19  25797  5
 12 52 23  16012 11
 12 52 59   1184  3
 12 54  9  10187  9
 12 54 23  27890  0
 12 54 49  12833  8
 12 55 18  19575 11
 12 55 25   3134 10
 12 55 32  19420 13
 12 55 36   4118 13
 12 57 10   8668  0
 12 58 32   5083  9
 12 59 38   6742  4
 13  1  3    557 16
 13  2 19   9140 13
 13  3 28   5219  5
 13  4 59  15877  7
 13  4 59   9031 14
 13  6 20  25219  3
 13  6 55  13962  8
 13  7 27   6500  1
 13  8  1  15261  1
 13  8 10  22192 16
 13  8 38   2724 12
 13  8 49  20227  8
 13  8 53  10124 17
 13  9 40  27199 13
 13 10 37  13982  9
 13 12  0   2243  9
 13 13 37   9644  2
 13 14 45  23325  5
 13 16 21  23540 19
 13 17  1   7933  9
 13 18 37  22903 13
 13 19 38  20979  3
 13 20 50  21138  1
 13 21 27  14675 16
 13 22  0  26528 16
 13 23 18  14445  6
 13 23 27  16607  4
 13 24 40   8196 10
 13 25 54  27385 16
 13 25 56   3798  3
 13 26 25  10825  9
 13 27 28  25646 18
 13 27 45  17070  0
 13 29 10   9022  0
 13 30 45  17134  5
 13 31 22  20868  9
 13 32 29  10916 19
 13 33 15   3953 12
 13 33 26  28843  3
 13 34  1   3678 11
 13 34 28  26781 17
 13 34 28   3463  9
 13 36  1  17977 10
 13 37 35  27608  1
 13 38  5  19084  4
 13 38 43  26338  9
 13 39 22   1367  8
 13 40 47  18861  8
 13 40 49  27632  3
 13 41 33  29438  7
 13 41 33   4334  1
 13 41 55   5016 18
 13 42 36  15454  6
 13 43  9  11239 14
 13 44 39  15240 17
 13 45  7  27863 15
 13 46 15   9921  0
 13 46 36  22881  8
 13 47 41  13219 15
 13 48 32  16739  0
 13 49 28  28639  7
 13 50 44   3246  6
 13 51  2  24800 19
 13 51 26  22949  8
 13 52 17   7041  3
 13 53 26   3473  1
 13 54 54  24012  5
 13 55 38  29149  6
 13 55 50  15600  0
 13 56 45   7547 11
 13 57 15  11493  0
 13 57 54   1403 14
 13 59  0  26831  2
 13 59 25   1106 18
 14  0 33   7594  0
 14  1  3  22008 11
 14  2 15  11679 15
 14  3 46  24135  9
 14  4 38  23920  7
 14  5 43   7831 11
 14  6 35  28845  2
 14  8  7  15583 10
 14  9 11  24689  0
 14  9 38  22927  0
 14 10 39  16991 13
 14 11 22  15735  9
 14 12  8  15488  7
 14 12 54  11510  6
 14 13 44  15719 19
 14 13 46  16318 16
 14 14 58  14540 14
 14 15 51  18674  3
 14 16 31  10214  7
 14 17 11   4914 13
 14 17 15  26744  0
 14 18  3  24619 16
 14 19 26  28207 17
 14 20  3  21742  4
 14 21 38  18826 15
 14 23 16  10100 11
 14 23 46  24850  4
 14 24 36  21087 11
 14 26 10   6219  4
 14 27 33   5260 10
 14 27 41   7084  8
 14 28 57  24398  7
 14 29 49  14096 17
 14 30  4  12728 12
 14 30 24  19875 11
 14 31 32  13918  5
 14 33  9  28683 14
 14 34 32  24151 12
 14 35  6   9278  9
 14 36 43  15786 13
 14 36 48  25801  3
 14 37 28   1238  9
 14 38 27  21832  5
 14 40  6  22244 18
 14 40 54   2222 10
 14 42  6  22021  3
 14 43 23  14059 10
 14 43 39  24393  1
 14 44 42   7499  6
 14 46  6  29601 10
 14 46 18  20766 14
 14 46 47   9216 12
 14 48 11  26236 13
 14 48 49  19026 19
 14 49 41   8680 19
 14 50 10  22028  6
 14 51  1  13672  6
 14 52  1  26946 11
 14 52 17  11365  5
 14 52 18   3032  2
 14 52 31  28056 18
 14 53  8   5711 13
 14 53 18  20676 19
 14 54  1   8538  3
 14 54 56  12111 17
 14 55 57  14913  4
 14 56 19    948  4
 14 56 19  28476 12
 14 57 27   2876  8
 14 59  3  22101  8
 15  0 20  15814  8
 15  1 20   7932  7
 15  1 55  24749 11
 15  2 53  12103  8
 15  3 11  26122 17
 15  4 39  20933  5
 15  4 45  24101  0
 15  4 51   5376 14
 15  5 15  20206  7
 15  5 49   1337  2
 15  7 21  13877  6
 15  8 41  15933 19
 15  9 27  11209 12
 15 10 36  13684  5
 15 10 46   7978  4
 15 11 29  24384  6
 15 12  7    770 17
 15 13 45  17809 16
 15 14 50  28053 15
 15 15 32  22239  1
 15 15 59  17527 11
 15 17 23   1901 14
 15 17 55  19618 14
 15 18 24  24984  4
 15 19 36  26977  1
 15 20 16  18560  1
 15 20 36   7904 11
 15 21  9  25614 18
 15 21 47   9543 10
 15 21 54  26155  7
 15 23 33  26820  3
 15 24 30   6522 16
 15 24 47   6978 18
 15 26  8  28336 12
 15 27 37   6575 16
 15 27 45  10715  4
 15 28 41  28648  1
 15 28 59  19947 12
 15 29 17   5904 16
 15 29 47  24168  2
 15 30 46   4109 17
 15 30 53  11283 17
 15 31  9  28841  8
 15 31 17  18084 19
 15 31 38   7658 10
 15 32  3  16688 10
 15 32 52  15523 12
 15 33 33   5953 17
 15 33 44  16766  7
 15 34 52  18968  7
 15 35  4  11628  6
 15 35 42  19448 19
 15 36 19  27642  1
 15 36 19  16898  5
 15 37 20  29801  0
 15 38 48  12147  7
 15 38 55   8587  7
 15 40 10   5654 11
 15 41 18   6295 10
 15 41 43  15957 12
 15 41 53  10997  0
 15 42 31  28953  5
 15 42 57  14474 11
 15 42 59  21154  7
 15 43 25  25037  3
 15 44 41  16751  1
 15 45 52  15770 19
 15 46  9  28774 16
 15 47 40  22636  1
 15 48 10  29686  5
 15 49  4   3582 16
 15 49 22   1449 11
 15 49 33  19854  5
 15 49 58   5447  1
 15 50  1  13934  6
 15 51  4   7336 15
 15 52 16  23319  4
 15 53 34   1475  0
 15 53 53   4928 14
 15 53 56  23189 11
 15 54 31  24782  9
 15 55  1   7218  1
 15 55 52  28773  3
 15 57 15  18059  8
 15 57 25  20386  8
 15 58 36  21179 12
 15 59 55    471  3
 16  1 17  16874 17
 16  2  1  24960  3
 16  3 10  24707  8
 16  4 44   3175  2
 16  5 12  22045 11
 16  5 59  23532  5
 16  6 51   2789 16
 16  6 59  16351  1
 16  8 37  20628 19
 16  9  9  13639  4
 16  9 23  10278 12
 16 10 47  29932 12
 16 10 54  20292  5
 16 11 46  17461  2
 16 12 49  26259 15
 16 12 51  12757  6
 16 13 51   6998 14
 16 13 55   1874 19
 16 14 49  14902  3
 16 16 24  21670 19
 16 17 28  12980 13
 16 18 39  16307  0
 16 19 51  27206  9
 16 20  4  21528  2
 16 21 39  21063 16
 16 22  6  29861  6
 16 22 23  15217  9
 16 23 29  15158 17
 16 24 22   6811  3
 16 25 16   6836  9
 16 25 43   3272  7
 16 25 54    425 10
 16 26 23   6446  1
 16 27  3   7573  4
 16 28  5  14136  5
 16 28 36  18167 16
 16 29 11  14745  4
 16 30 47    603 10
 16 30 56  15052 14
 16 32  1  18357 11
 16 32 17  20348  7
 16 33 33  22470  9
 16 34 24  28873 13
 16 35 50   4145 19
 16 36 19   8403  6
 16 36 55    210  6
 16 38 12  26617  8
 16 39 49  18851  6
 16 40  6   3404 13
 16 41 44  26682  0
 16 43 13  20825 10
 16 43 36  11999  4
 16 44 38  21699 12
 16 46  9  19556  1
 16 47 34  25836  8
 16 48 21    280 14
 16 48 30   9866  1
 16 49 27   7675 15
 16 50 18   1687 16
 16 51 36  25663 15
 16 53  1   2031 10
 16 54 20   9035  4
 16 55 35   2280  7
 16 55 48   2408 16
 16 56  3   4613 14
 16 56 50  19602 12
 16 58 16  17405  2
 16 59 30  24832 14
 17  0 43  11785 13
 17  2  5  13504 14
 17  2 27   6458  9
 17  2 55   3805 17
 17  3 14   7003 18
 17  4 12   8763 15
 17  5 31  28252 17
 17  5 41   6471 10
 17  6 50   8649 15
 17  7 31  16737 11
 17  8 18   4497 17
 17  9 33  24893  2
 17 10 32   3711  4
 17 12  5  22128  7
 17 12  9  22049 19
 17 12 19  12696  4
 17 12 59   5423  9
 17 13 41   4534  4
 17 15 11  12949  2
 17 16  0  20759  5
 17 16  1  21862  1
 17 17  1  10421 16
 17 17 27  14793  9
 17 18 54  18299  4
 17 20 12  19137 17
 17 20 34   3705 18
 17 21 25   2302 12
 17 21 41  18692 11
 17 22  7   2024  8
 17 22 57  22545 11
 17 23 16  20187  6
 17 24 39  16608  3
 17 25 32  26707  2
 17 26 32  18902 19
 17 26 52  10786  5
 17 27 18  26214 16
 17 28  2  11873  8
 17 28 25   6375 17
 17 29 31  17690 15
 17 30  8   9321 16
 17 31 28  16490 15
 17 32  9   7157  3
 17 32 17  22781  2
 17 33 42  15599 17
 17 34 44   1651 10
 17 35  2  13824 17
 17 35 26  20101 19
 17 35 34  13161  5
 17 35 43  26674  0
 17 36 14  29987 16
 17 37 50  18219 11
 17 38  1  19191  0
 17 39 21  25561 17
 17 39 57  18963 17
 17 40 51   3358  7
 17 41 46   4402 13
 17 42 39  14635  9
 17 43 22   6479  1
 17 43 39  13662  4
 17 45 17  14917 18
 17 46  7  18915  3
 17 47 17  25518  4
 17 48 20   1431 13
 17 48 36  24337  3
 17 49 26    674  6
 17 50 52   9569  5
 17 50 56  20910  7
 17 52  2   4000  9
 17 52 42   1765  9
 17 53 19  26742  5
 17 54 23  28998  5
 17 54 59  15887 14
 17 56 16   2602  1
 17 57 37  26663 19
 17 58 14  26071 12
 17 58 42  25857  7
 18  0 13   7478 15
 18  1  3   9823 11
 18  1 10  11897 15
 18  1 47  20861 13
 18  2 24  27139  0
 18  3 29   3161  7
 18  4 41  20206  2
 18  5 40  29950  4
 18  6 31  20812  7
 18  7 48  21989  9
 18  8 48  24459  8
 18  9 18   2961 18
 18  9 44  10127 12
 18 10 11  11715 17
 18 10 28  19585  1
 18 10 40   3836 13
 18 12  2  27197 18
 18 12 49  25477 18
 18 13  4  26070  6
 18 13 26   6226 16
 18 14 57  14295  1
 18 15 46  23863 15
 18 17  1   6415 16
 18 17 19  24261 11
 18 17 34  11918 13
 18 18  9   7187 12
 18 19 19  25395 13
 18 19 38  25955  9
 18 19 59  28635  8
 18 20 59   6505  1
 18 22 35  27734 11
 18 23 29  12763 15
 18 25  0  12705  0
 18 26 37  23226  1
 18 27 46  23509 16
 18 27 59  11311  3
 18 28 47  29458  5
 18 30 26   2508  4
 18 31 55  22349  4
 18 32 53  27429 17
 18 34  6  17995  4
 18 34 16  23344  3
 18 34 19  18993  7
 18 34 33  18161 18
 18 36 10  29569 16
 18 36 51  16698 16
 18 37 23  12195 18
 18 37 36  29764  9
 18 38 48  12303 10
 18 39 45   9659  3
 18 40 39  18132  1
 18 41 55  11242 12
 18 43 27   5953 19
 18 43 43  25228  0
 18 44 12   6072 18
 18 44 53   6472 16
 18 46 22  23628 14
 18 46 45  11746 13
 18 47 49   9723  5
 18 49  8  29334 14
 18 49 37   8607 16
 18 50 53  18747  8
 18 52 27   4564  9
 18 52 42  13051 19
 18 53 18  26005  6
 18 53 50   3792  8
 18 54 46  15812  9
 18 56 14  22358  9
 18 56 45  25113  5
 18 56 47   9052 10
 18 57 50   3956  3
 18 58 28  11725  0
 18 59 21   5898  2
 19  0 47   9899  9
 19  1  4  20672 11
 19  1 13  21030 13
 19  2 10  22788  7
 19  3 21  22162 11
 19  4 20   1881 14
 19  4 37   7708  7
 19  4 43  20530  8
 19  5 37  16827  0
 19  6 33   3369  2
 19  6 43  13023  7
 19  6 55  27753 12
 19  7 35  20757 12
 19  8 11  25453 15
 19  8 21  17788 13
 19  9 53    999 14
 19 10 35  13140  5
 19 12  8   6163 11
 19 13 33  15780 16
 19 13 50  18415 13
 19 14 18   9179 11
 19 14 55   2698 18
 19 15 22  21795 14
 19 16 53  10808  3
 19 17 48  11423 17
 19 18 42  12798  5
 19 18 46  23212 11
 19 20  3   9975 14
 19 20 45   9232 15
