  2 27  3   6501 19
  2 28 31  15853  9
  2 29 58  22269  6
  2 30 55   5895 19
  2 31 54  27108 12
  2 33  9  14179  9
  2 33 58   9707 17
  2 34 55   8858  7
  2 35 13  15742  4
  2 35 34   8677  3
  2 36  1  29967  9
  2 36 47    700  3
  2 37 10   3979 16
  2 38 33  18620 18
  2 38 40  22688 16
  2 38 56   1659  2
  2 39 49  28756 10
  2 40 45  15652 16
  2 42  1   6273  1
  2 43 10  26820 19
  2 43 44  21012  8
  2 44 13  28848 11
  2 44 55  21687 14
  2 46  0  11969  5
  2 47 25  25808 13
  2 48  1  25405  8
  2 48 32   9691  0
  2 48 51  23202  2
  2 49  6   7081 17
  2 49 34  21188 19
  2 51  6   6348 12
  2 51 51  21017 18
  2 53 25  21684 16
  2 54 22   5671  0
  2 55  9   9510 18
  2 56  8  29433  5
  2 56 27   7458  2
  2 57 57  18361  0
  2 58  9  14745  4
  2 59 40  10881  3
  2 59 56  21077 12
  3  1 31  22483 15
  3  2  6  27471  7
  3  2 57  21733  2
  3  4 25  19593  7
  3  5 51   5730 19
  3  6 58  27095 13
  3  7 23  27554 12
  3  8 54  16344 11
  3  9 25   9943 17
  3 10 31   9619 15
  3 11 32   8407  5
  3 11 35  19624  1
  3 12 15  24772  8
  3 12 57   9289 14
  3 14 11  22938 15
  3 14 33  15609  4
  3 15 19  16599  9
  3 16  5   6750  3
  3 17 28  20236  7
  3 18 19  21227  2
  3 19 48  29922 13
  3 20 59   3607  0
  3 22 27   3136 18
  3 23  2  11705 11
  3 23 49  28736 15
  3 24 35  29300 17
  3 25  1  13611 11
  3 25 58  25604 10
  3 26 18  20938  3
  3 27 21  14868  1
  3 28 57   5542 12
  3 30 21  11766  5
  3 31 10  12466 18
  3 32  0  20175 13
  3 32 45  25890 15
  3 33 35  14308  6
  3 34 44  18201  4
  3 35 54   4039 11
  3 36  2  28839  6
  3 36 37  11507 18
  3 37 31  10979  2
  3 38  8      6 16
  3 38 59   4315 11
  3 39 58  11992  4
  3 40  1  26095 13
  3 41 14  23073 19
  3 42 13  25930 18
  3 42 22  12275  1
  3 43 56   2496 16
  3 45 17  20494  1
  3 46 56  13093 16
  3 47 34   5168 18
  3 48 14  17929 14
  3 49 32  20235 13
  3 50 15  11042  3
  3 51 15   9764 15
  3 52 42   1373 10
  3 53 43  20164 10
  3 54 19   1981 19
  3 54 27  13500 13
  3 54 31  23951  9
  3 54 45  25815 14
  3 55 18  13149 17
  3 55 34  22276  6
  3 56  8   7587  0
  3 56 21  21130 14
  3 57 20   8826  7
  3 58  0  14545  6
  3 58 21   8013 13
  3 59 54  21435  0
  4  0 41   4111  7
  4  0 53  28682 11
  4  1 16   6640  8
  4  2 41   7079  3
  4  3 23  10681 16
  4  4 56   8540 17
  4  5  2  26129  3
  4  6 17  18776 14
  4  6 38  12376  3
  4  6 49  17157  3
  4  7 13  22398  9
  4  8 50  25609 12
  4  8 55   3293  2
  4 10 25  23040  5
  4 10 34  16288 19
  4 11 13    737 15
  4 12 19   1771  2
  4 13 12  23841 15
  4 14 14  29862  9
  4 15  7   9458  2
  4 15 36    310 19
  4 15 48  19254 11
  4 17 20  14120 17
  4 18 28  22729 15
  4 18 45  18005  0
  4 19  2  25117  0
  4 20 36   5471 18
  4 21 56  29397  0
  4 23 33  21425  8
  4 25  1  12292 10
  4 25 53  27745  0
  4 26 13   4183 14
  4 27 18  29871  6
  4 28 53   2742 12
  4 28 54  26999 10
  4 29 30   7089  5
  4 30 52  13739 13
  4 32 20  29530  2
  4 33 28  12402  0
  4 33 30   7526 11
  4 35  4   3328  1
  4 36 27   9708 11
  4 37  2  14585 14
  4 37 41  23846 18
  4 37 56  22223 19
  4 39 35  16590  7
  4 39 42  25316 17
  4 39 48  11335 14
  4 41  8  19596  4
  4 41 21  23245 17
  4 42 39  29093  5
  4 43 41  16424  3
  4 43 49  12284 18
  4 43 54  14787 17
  4 44 16   1082  5
  4 45 53   7549 14
  4 46 59  22991  1
  4 48 31   5011  9
  4 49  8   9619 17
  4 49 56  15413  7
  4 50 41  17439 15
  4 51 24  21962  7
  4 52 24  27701  8
  4 53 21  19014 11
  4 54  7   7816  0
  4 55 35  11989 12
  4 56 46  17931  0
  4 57 59  10151 15
  4 58 54  16486 12
  4 59 59  16188 10
  5  0 32   4040  8
  5  1 42  26901 19
  5  2 51  10984  6
  5  3 25  15408  8
  5  4 28  11935  3
  5  4 55  13805 16
  5  5  9  28022 13
  5  6 38  29696 11
  5  8  7  15851 11
  5  8 12  12835 14
  5  9 40  15714  7
  5 10 13  17112 18
  5 11 17  17235  2
  5 12 52   1776  2
  5 13 14  21035 17
  5 14 37  11997  2
  5 14 40    827 11
  5 15 31  15829 12
  5 16 36  12174  4
  5 17 49  22213 16
  5 18 22  17755  8
  5 19 50  21045 11
  5 21  9   5023  4
  5 22 33  27600 19
  5 24  6  12874  5
  5 25 38   9973  2
  5 26 31  13514  0
  5 28  9  12909 12
  5 29  5  19954  2
  5 29 26  17748 18
  5 29 46  28390 12
  5 30 34   4022  1
  5 31 47  17057  4
  5 32 29  19327  2
  5 33 45  13280 12
  5 34 31  28497 10
  5 35 52  10636  0
  5 35 53  10487  0
  5 36 42    733  4
  5 37  7  23906 10
  5 38 33  24446  9
  5 39 49   9550 15
  5 40 54  20967 17
  5 41 40  10996  8
  5 42 13   8378 13
  5 42 20  13165  8
  5 42 24  20323 10
  5 43  6   3952 15
  5 43 56  27388 17
  5 45  9   3126  5
  5 46 42  27803  5
  5 47 46   3992  9
  5 48 54  10110  5
  5 49 56  16489  9
  5 50 17  25861 12
  5 51 34  16564 10
  5 52 47  25753 11
  5 54  0   7539  3
  5 54 32  22434  1
  5 55 33  27371 17
  5 56 12  15826 15
  5 57 32  13173 18
  5 57 41  27700  0
  5 59 15  21352 19
  5 59 18  29101  8
  5 59 50  24167  4
  6  0  8   2954 17
  6  1 35  17590 10
  6  2  6  15257  3
  6  2 32   1110 14
  6  2 56  25185 19
  6  4 26  11913 12
  6  5 27   3580 11
  6  6 43  15750 17
  6  7 12   1712 14
  6  7 31   5034 14
  6  7 47    468  5
  6  9 15  16500  7
  6 10 28   1315 17
  6 11 20  20928  1
  6 11 27  23009 15
  6 12 20   1319 18
  6 13 34  20446  9
  6 15  4  17221  9
  6 16 39  10240  4
  6 17 15  20237 12
  6 18 53  14179  8
  6 19  4  15987 15
  6 20 40  14861 15
  6 22  4    501  8
  6 22 10  15596 19
  6 23 44   2823  4
  6 25 23   1948 16
  6 25 31  16792  7
  6 26 27  14863  0
  6 27  4   9524  3
  6 27 41  24758 10
  6 28 43   4452 17
  6 30  0  23939  3
  6 31 10  15257 10
  6 32 14  10717  0
  6 33 24  11768  7
  6 34  8   5602  4
  6 34 55  27716 15
  6 35 58  24820 19
  6 36  5   5557 11
  6 37 19    831  4
  6 37 35  12628 16
  6 38 50  25231  6
  6 38 52  20098  1
  6 40  3  16127 17
  6 40 22  18504  9
  6 41 48  12600  3
  6 42 35  26692  5
  6 43  3  19824 16
  6 43 15  27072  6
  6 43 16   6989  4
  6 43 59   5689 18
  6 44 52  21083  6
  6 46 20   8422  5
  6 46 51  26008 18
  6 47 39  24800 15
  6 48  7   3854  8
  6 48 52   7881  7
  6 49 18   2494 14
  6 50 28  23685  7
  6 50 33  23345 17
  6 51 53  11120  5
  6 53  8  22171 11
  6 53 58  20332  7
  6 55 13  14669 15
  6 55 45  13707 14
  6 57 17   7937  7
  6 57 23  25274 11
  6 58 52   5196  4
  7  0 31  12810 12
  7  1 45   2248 18
  7  2 12   8347  6
  7  3 43  29146 11
  7  4 14  10593 11
  7  5 48    902 15
  7  6 21  17187  4
  7  7 57   7508 10
  7  8  2   8592  4
  7  8 20  18063 17
  7  9 20   8452  7
  7 10 46  26308 16
  7 10 50  23202  4
  7 11 14  11457  0
  7 11 35   6781  9
  7 12  1  18358  2
  7 13 25  28667 18
  7 14  7  10088  0
  7 14 48    264 10
  7 14 48  23892 14
  7 15 31  10953  5
  7 16 52  24429  2
  7 17 57   9033  3
  7 18 26   7115  8
  7 18 56  24760 14
  7 19 23   3790  0
  7 19 31  12543 17
  7 20  1  22588 12
  7 20 11  10674  0
  7 21  5  20528  8
  7 21 20  11042 16
  7 21 59  19626  8
  7 23 22  25359  6
  7 24  7  11766  7
  7 24 40   2909 18
  7 24 46  26020  2
  7 26 22  21980  2
  7 27 20  15213 16
  7 28 37   8686  5
  7 28 53  28203  2
  7 29 51  29853 14
  7 30  3   9884  8
  7 31 28  29554 15
  7 32 18   1333 19
  7 32 57  15649  2
  7 33 43   6612 13
  7 34 25  19463  1
  7 35 30  27587 16
  7 36 25  26291  9
  7 36 59  18306 15
  7 37 21  20055  6
  7 38 13  21335 12
  7 39  4   4165 10
  7 40 23  27082 18
  7 41 18   1865 14
  7 41 24  11156  3
  7 42 10  21349 19
  7 42 13   5274  5
  7 42 27  22121  3
  7 43 43  21375 10
  7 44 18  15446 12
  7 45 31   9186 10
  7 45 39   5560 14
  7 46 52  27318  6
  7 47 11  20399 17
  7 48 47   5212  0
  7 49 46  16889 10
  7 50 19   6002 16
  7 51 36    182  9
  7 52 53  13238  3
  7 53 13   8361 19
  7 53 56   9472 14
  7 54 52  25882 17
  7 55 44   3872 12
  7 56 18   5280  2
  7 56 48  18815 17
  7 57 24   7439  7
  7 58 15  25574 15
  7 58 20  17515  3
  7 58 55   7381  6
  7 59 29  13984 13
  8  0 51  22581  0
  8  2 18  25915 11
  8  3  8   2549  0
  8  4  1  13846 13
  8  4 22  22657 15
  8  5 27  20536 14
  8  5 48  22118 19
  8  5 56   4826  9
  8  6 45   8292 19
  8  7 25  12067  8
  8  7 48   7821  3
  8  8 18   7990  6
  8  8 46   4840 11
  8 10 12  13583 11
  8 10 58   2166 16
  8 11 45  24385 12
  8 12  3  21352  6
  8 13  6   9950  4
  8 14 41  18953 16
  8 15 32   1079 19
  8 16 54  21890 15
  8 16 55   2547 15
  8 17 24   1216 14
  8 18  5  19178  9
  8 18 49   4550  7
  8 18 51  28721 14
  8 19 17  28684 10
  8 20 34  23698  2
  8 21  3  11073  6
  8 22 19   8619 16
  8 22 50  27181  7
  8 24  8   1862  3
  8 25 29   1777  4
  8 26 57  21746 11
  8 27 38  24373 14
  8 27 45   3840 18
  8 28 25  29475 14
  8 30  0  16736 15
  8 30  8   5497  7
  8 30 59  24563 13
  8 32 34  19175  3
  8 33 35  24928  0
  8 34 39  20794  1
  8 35 52  20295 12
  8 35 57  20645  7
  8 37 27  17235  7
  8 39  6   7635  7
  8 39 35  29883 10
  8 41  9  19101 15
  8 42 38   4994  6
  8 43 12   7002 18
  8 43 39  15855 18
  8 44  4   3258 16
  8 44 42  16662  5
  8 44 50  29011 16
  8 45 12  12256 11
  8 46 15  20774  3
  8 47 51   2720  1
  8 48 55    445 16
  8 50  1  22995  0
  8 51 26  12725  3
  8 51 50  11155 17
  8 52 45  12421  9
  8 54 24  12415 14
  8 54 28  22152 17
  8 55 15  23722  6
  8 56 22  22548 16
  8 57 18  24097 18
  8 58 53  10486  0
  8 59  0   4303  1
  9  0  7   9390 18
  9  1  0  19907 14
  9  2 10  13120 12
  9  2 34  26869  7
  9  3 48  25543  4
  9  5 20  15299  6
  9  5 21  11220 12
  9  6 40  29417  6
  9  7 43   3105  3
  9  8 56  28155 19
  9  9 41  19651 14
  9 10  8   1265  3
  9 11 46  24066 18
  9 11 55  19089 11
  9 12 28   6856 12
  9 12 42  25315  5
  9 14  2  12270 11
  9 15  4  23970  3
  9 16  2   7504 13
  9 17  3  15900 14
  9 17 58  10778 12
  9 18 20  29961  2
  9 19 48    437 12
  9 21 26     90  7
  9 21 39  19765 19
  9 22 27  12015  1
  9 22 30  19351 19
  9 24  5  28748  6
  9 24 59  27702 16
  9 25 52   1093  3
  9 25 57   9667  7
  9 26  1  24928  9
  9 27 27   5464  3
  9 27 50  28340  5
  9 28 11   3512  4
  9 28 29  10383 11
  9 29 49  25081  5
  9 30 42   4059  7
  9 31 34    989 13
  9 32 23  20953  1
  9 33  3   3659  5
  9 34 17  11833 16
  9 35  5   6319  1
  9 36 24  25353  2
  9 36 42  26521  7
  9 38  5   6989  6
  9 38 35  20267  5
  9 38 53  20795 10
  9 39 20  25240  7
  9 39 58  10434 18
  9 40 53   9186  7
  9 41 50   9371  4
  9 42 51  24004 11
  9 44  3   5930 18
  9 44 53   6573 17
  9 46 11  22034  6
  9 46 28  11528  8
  9 47 16  12588  9
